221	631	130	622	833	968	892	814	322	765	803	29	42	764	551	214	915	365	842	409	496	542	41	947	1	767	56	411	721	928	811	487	863	261	730	285	417	769	980	160
569	401	240	206	712	897	893	103	290	826	206	34	190	256	575	783	193	66	586	54	348	706	389	124	741	777	191	961	137	286	90	861	589	760	585	310	568	805	305	841
765	664	995	993	210	278	676	173	411	799	164	899	462	400	213	785	948	932	415	128	322	872	43	670	222	376	501	966	744	806	576	242	168	111	738	788	880	685	166	155
531	750	898	288	1	462	816	356	919	49	934	861	684	158	886	683	316	968	948	702	698	728	347	467	393	540	513	220	195	396	864	453	413	96	971	409	923	889	202	482
471	492	523	888	504	188	291	41	557	311	781	175	109	886	112	734	533	572	927	377	371	658	668	954	324	521	859	222	264	251	410	819	282	273	359	743	333	812	641	908
603	866	792	497	843	895	389	63	574	47	493	386	605	64	850	338	72	472	878	464	658	227	204	715	678	805	232	177	842	839	456	788	253	476	716	805	474	309	273	929
139	270	262	65	128	20	996	175	254	493	511	328	545	753	621	846	943	271	948	776	88	236	14	609	969	444	144	889	966	539	283	478	799	893	134	547	899	292	229	976
609	398	846	382	142	382	594	134	327	933	821	839	527	249	353	575	86	218	717	324	900	470	0	187	818	360	102	706	195	65	8	723	93	113	469	145	821	975	791	513
984	8	162	385	484	381	558	715	832	763	134	235	217	241	434	51	854	14	485	196	88	152	274	196	886	79	420	880	130	578	121	797	168	724	979	248	861	491	427	306
161	120	673	16	812	662	774	890	795	156	65	93	383	245	953	655	872	164	969	541	876	765	195	356	3	276	44	711	795	513	550	727	655	802	76	463	786	566	532	232
801	514	104	835	643	723	93	772	209	509	141	614	522	541	186	813	969	630	346	992	208	633	916	399	14	593	524	837	63	583	945	738	844	696	665	697	206	392	612	742
569	843	550	993	682	494	363	548	89	183	586	220	28	303	72	608	757	574	75	625	730	946	634	537	460	88	264	372	806	151	572	294	100	957	616	387	839	134	203	12
483	42	398	232	287	946	262	785	684	862	170	642	163	513	557	268	292	490	303	311	663	975	997	252	290	763	107	257	360	980	246	586	357	24	903	573	114	516	287	116
657	61	873	503	639	123	228	814	298	65	881	351	293	565	80	993	214	334	205	505	32	668	657	133	106	261	412	958	906	291	610	150	218	154	161	67	449	757	486	497
311	180	295	623	246	9	939	327	474	265	30	635	519	29	11	485	745	207	320	470	555	960	981	661	218	309	470	698	264	145	467	746	109	910	73	121	651	767	625	402
427	206	547	942	805	124	703	434	172	783	431	807	444	66	29	56	518	412	596	968	830	197	336	8	671	226	29	975	892	653	173	665	686	689	627	239	688	644	579	549
359	341	27	913	342	427	899	288	844	197	308	869	647	180	564	390	735	959	32	496	804	674	948	289	805	31	519	750	644	239	442	503	603	749	773	709	50	728	95	192
533	403	238	369	50	453	860	139	856	855	764	550	517	748	39	313	599	471	942	449	228	383	699	693	570	137	676	103	642	216	128	299	168	973	79	529	148	258	680	305
52	677	918	946	721	194	953	14	840	398	281	904	823	830	479	921	531	489	786	203	868	675	390	856	650	383	449	579	574	187	263	740	259	279	170	831	604	768	6	166
759	703	483	887	26	738	271	175	238	473	811	135	939	135	836	873	80	734	504	509	821	453	447	803	233	655	922	95	426	461	137	179	549	585	657	561	800	86	929	920
168	338	832	335	162	973	676	804	248	481	836	110	826	725	225	996	575	973	603	987	90	878	707	428	681	259	338	898	267	186	509	585	241	81	400	798	100	191	514	847
544	69	311	534	34	928	627	428	470	571	885	367	62	157	732	862	84	227	581	462	291	206	744	17	408	584	153	44	759	649	731	211	605	76	725	662	342	416	691	936
128	680	603	146	462	324	660	455	624	690	893	690	797	932	477	102	261	875	202	638	543	728	272	739	659	925	677	597	253	937	95	378	36	345	486	490	629	940	291	54
588	612	770	890	609	93	120	399	690	745	656	720	632	563	505	735	899	872	319	530	347	190	250	505	946	378	400	458	6	811	237	654	865	706	527	614	423	253	707	457
153	151	557	541	598	195	828	613	286	293	279	125	308	978	652	65	151	278	992	295	754	199	872	135	517	435	249	70	177	475	352	641	191	764	439	356	379	5	872	84
204	500	108	262	28	666	352	732	611	264	76	323	87	200	366	704	969	603	35	844	269	15	45	443	56	706	914	308	679	807	506	461	512	277	544	279	289	673	244	349
853	782	719	796	591	432	135	303	555	56	675	241	96	313	920	749	353	55	215	80	484	856	326	403	720	793	288	822	205	893	731	313	240	677	631	486	583	925	618	475
800	714	207	958	325	459	795	435	962	210	793	852	284	426	252	434	992	12	857	315	634	944	360	581	415	367	265	980	834	663	12	946	192	773	631	163	974	254	63	2
858	668	899	495	586	480	101	28	907	254	391	658	563	876	35	895	402	79	957	912	414	459	501	626	364	334	401	600	565	481	748	58	525	978	80	115	679	945	837	215
567	173	290	351	157	462	174	666	225	523	701	246	979	504	375	338	635	866	457	847	314	21	215	511	987	488	697	689	764	248	657	680	651	698	752	145	708	257	303	181
761	857	974	78	989	501	683	354	711	926	231	589	726	882	727	459	607	514	815	349	935	254	68	979	855	864	381	181	521	999	635	880	979	695	940	3	642	195	57	583
985	466	242	958	619	756	843	551	110	821	304	289	10	783	158	362	899	31	98	826	290	878	967	674	17	367	130	638	751	249	103	383	275	331	169	97	464	629	299	510
646	95	562	299	581	710	140	708	130	831	15	96	422	507	415	346	538	556	750	193	362	485	387	746	389	928	19	994	495	866	612	873	727	250	419	807	777	921	475	419
521	717	69	543	165	663	365	823	401	466	450	673	612	638	28	96	252	183	421	355	236	353	805	393	657	930	529	233	868	837	918	389	564	578	579	402	176	563	750	700
569	940	108	257	453	675	298	225	777	361	449	334	152	676	555	883	250	163	428	411	565	613	140	292	855	958	789	826	209	787	171	516	892	94	197	289	57	470	509	658
28	509	95	213	629	607	885	395	490	64	142	195	2	592	880	354	660	467	920	505	89	245	15	700	847	76	810	989	620	865	584	234	413	946	314	69	222	487	442	443
455	205	279	53	221	325	944	817	501	284	580	853	80	568	383	170	424	762	86	930	827	635	45	100	520	866	74	159	298	324	347	69	346	857	765	253	809	502	62	729
428	515	485	165	733	134	716	33	17	150	466	481	628	786	282	545	846	643	748	525	709	681	624	432	241	963	716	818	265	839	726	547	957	173	393	464	305	903	381	431
357	57	821	399	579	417	941	192	968	588	286	956	461	921	81	893	490	546	753	500	984	426	537	172	274	473	527	480	60	375	717	593	610	197	426	30	917	445	702	84
16	690	66	555	893	523	981	4	333	992	823	101	580	314	340	457	900	308	456	143	912	362	761	989	373	363	635	800	391	859	380	59	765	898	73	41	677	921	997	618
